1111111100000000
1111111010000000
1111111001000000
1111111000100000
1111111000010000
1111111000001000
1111111000000100
1111111000000010
1111110110000000
1111110101000000
1111110100100000
1111110100010000
1111110100001000
1111110100000100
1111110100000010
1111110011000000
1111110010100000
1111110010010000
1111110010001000
1111110010000100
1111110010000010
1111110001100000
1111110001010000
1111110001001000
1111110001000100
1111110001000010
1111110000110000
1111110000101000
1111110000100100
1111110000100010
1111110000011000
1111110000010100
1111110000010010
1111110000001100
1111110000001010
1111101110000000
1111101101000000
1111101100100000
1111101100010000
1111101100001000
1111101100000100
1111101100000010
1111101011000000
1111101010100000
1111101010010000
1111101010001000
1111101010000100
1111101010000010
1111101001100000
1111101001010000
1111101001001000
1111101001000100
1111101001000010
1111101000110000
1111101000101000
1111101000100100
1111101000100010
1111101000011000
1111101000010100
1111101000010010
1111101000001100
1111101000001010
1111100111000000
1111100110100000
1111100110010000
1111100110001000
1111100110000100
1111100110000010
1111100101100000
1111100101010000
1111100101001000
1111100101000100
1111100101000010
1111100100110000
1111100100101000
1111100100100100
1111100100100010
1111100100011000
1111100100010100
1111100100010010
1111100100001100
1111100100001010
1111100011100000
1111100011010000
1111100011001000
1111100011000100
1111100011000010
1111100010110000
1111100010101000
1111100010100100
1111100010100010
1111100010011000
1111100010010100
1111100010010010
1111100010001100
1111100010001010
1111100001110000
1111100001101000
1111100001100100
1111100001100010
1111100001011000
1111100001010100
1111100001010010
1111100001001100
1111100001001010
1111100000111000
1111100000110100
1111100000110010
1111100000101100
1111100000101010
1111011110000000
1111011101000000
1111011100100000
1111011100010000
1111011100001000
1111011100000100
1111011100000010
1111011011000000
1111011010100000
1111011010010000
1111011010001000
1111011010000100
1111011010000010
1111011001100000
1111011001010000
1111011001001000
1111011001000100
1111011001000010
1111011000110000
1111011000101000
1111011000100100
1111011000100010
1111011000011000
1111011000010100
1111011000010010
1111011000001100
1111011000001010
1111010111000000
1111010110100000
1111010110010000
1111010110001000
1111010110000100
1111010110000010
1111010101100000
1111010101010000
1111010101001000
1111010101000100
1111010101000010
1111010100110000
1111010100101000
1111010100100100
1111010100100010
1111010100011000
1111010100010100
1111010100010010
1111010100001100
1111010100001010
1111010011100000
1111010011010000
1111010011001000
1111010011000100
1111010011000010
1111010010110000
1111010010101000
1111010010100100
1111010010100010
1111010010011000
1111010010010100
1111010010010010
1111010010001100
1111010010001010
1111010001110000
1111010001101000
1111010001100100
1111010001100010
1111010001011000
1111010001010100
1111010001010010
1111010001001100
1111010001001010
1111010000111000
1111010000110100
1111010000110010
1111010000101100
1111010000101010
1111001111000000
1111001110100000
1111001110010000
1111001110001000
1111001110000100
1111001110000010
1111001101100000
1111001101010000
1111001101001000
1111001101000100
1111001101000010
1111001100110000
1111001100101000
1111001100100100
1111001100100010
1111001100011000
1111001100010100
1111001100010010
1111001100001100
1111001100001010
1111001011100000
1111001011010000
1111001011001000
1111001011000100
1111001011000010
1111001010110000
1111001010101000
1111001010100100
1111001010100010
1111001010011000
1111001010010100
1111001010010010
1111001010001100
1111001010001010
1111001001110000
1111001001101000
1111001001100100
1111001001100010
1111001001011000
1111001001010100
1111001001010010
1111001001001100
1111001001001010
1111001000111000
1111001000110100
1111001000110010
1111001000101100
1111001000101010
1111000111100000
1111000111010000
1111000111001000
1111000111000100
1111000111000010
1111000110110000
1111000110101000
1111000110100100
1111000110100010
1111000110011000
1111000110010100
1111000110010010
1111000110001100
1111000110001010
1111000101110000
1111000101101000
1111000101100100
1111000101100010
1111000101011000
1111000101010100
1111000101010010
1111000101001100
1111000101001010
1111000100111000
1111000100110100
1111000100110010
1111000100101100
1111000100101010
1111000011110000
1111000011101000
1111000011100100
1111000011100010
1111000011011000
1111000011010100
1111000011010010
1111000011001100
1111000011001010
1111000010111000
1111000010110100
1111000010110010
1111000010101100
1111000010101010
1110111110000000
1110111101000000
1110111100100000
1110111100010000
1110111100001000
1110111100000100
1110111100000010
1110111011000000
1110111010100000
1110111010010000
1110111010001000
1110111010000100
1110111010000010
1110111001100000
1110111001010000
1110111001001000
1110111001000100
1110111001000010
1110111000110000
1110111000101000
1110111000100100
1110111000100010
1110111000011000
1110111000010100
1110111000010010
1110111000001100
1110111000001010
1110110111000000
1110110110100000
1110110110010000
1110110110001000
1110110110000100
1110110110000010
1110110101100000
1110110101010000
1110110101001000
1110110101000100
1110110101000010
1110110100110000
1110110100101000
1110110100100100
1110110100100010
1110110100011000
1110110100010100
1110110100010010
1110110100001100
1110110100001010
1110110011100000
1110110011010000
1110110011001000
1110110011000100
1110110011000010
1110110010110000
1110110010101000
1110110010100100
1110110010100010
1110110010011000
1110110010010100
1110110010010010
1110110010001100
1110110010001010
1110110001110000
1110110001101000
1110110001100100
1110110001100010
1110110001011000
1110110001010100
1110110001010010
1110110001001100
1110110001001010
1110110000111000
1110110000110100
1110110000110010
1110110000101100
1110110000101010
1110101111000000
1110101110100000
1110101110010000
1110101110001000
1110101110000100
1110101110000010
1110101101100000
1110101101010000
1110101101001000
1110101101000100
1110101101000010
1110101100110000
1110101100101000
1110101100100100
1110101100100010
1110101100011000
1110101100010100
1110101100010010
1110101100001100
1110101100001010
1110101011100000
1110101011010000
1110101011001000
1110101011000100
1110101011000010
1110101010110000
1110101010101000
1110101010100100
1110101010100010
1110101010011000
1110101010010100
1110101010010010
1110101010001100
1110101010001010
1110101001110000
1110101001101000
1110101001100100
1110101001100010
1110101001011000
1110101001010100
1110101001010010
1110101001001100
1110101001001010
1110101000111000
1110101000110100
1110101000110010
1110101000101100
1110101000101010
1110100111100000
1110100111010000
1110100111001000
1110100111000100
1110100111000010
1110100110110000
1110100110101000
1110100110100100
1110100110100010
1110100110011000
1110100110010100
1110100110010010
1110100110001100
1110100110001010
1110100101110000
1110100101101000
1110100101100100
1110100101100010
1110100101011000
1110100101010100
1110100101010010
1110100101001100
1110100101001010
1110100100111000
1110100100110100
1110100100110010
1110100100101100
1110100100101010
1110100011110000
1110100011101000
1110100011100100
1110100011100010
1110100011011000
1110100011010100
1110100011010010
1110100011001100
1110100011001010
1110100010111000
1110100010110100
1110100010110010
1110100010101100
1110100010101010
1110011111000000
1110011110100000
1110011110010000
1110011110001000
1110011110000100
1110011110000010
1110011101100000
1110011101010000
1110011101001000
1110011101000100
1110011101000010
1110011100110000
1110011100101000
1110011100100100
1110011100100010
1110011100011000
1110011100010100
1110011100010010
1110011100001100
1110011100001010
1110011011100000
1110011011010000
1110011011001000
1110011011000100
1110011011000010
1110011010110000
1110011010101000
1110011010100100
1110011010100010
1110011010011000
1110011010010100
1110011010010010
1110011010001100
1110011010001010
1110011001110000
1110011001101000
1110011001100100
1110011001100010
1110011001011000
1110011001010100
1110011001010010
1110011001001100
1110011001001010
1110011000111000
1110011000110100
1110011000110010
1110011000101100
1110011000101010
1110010111100000
1110010111010000
1110010111001000
1110010111000100
1110010111000010
1110010110110000
1110010110101000
1110010110100100
1110010110100010
1110010110011000
1110010110010100
1110010110010010
1110010110001100
1110010110001010
1110010101110000
1110010101101000
1110010101100100
1110010101100010
1110010101011000
1110010101010100
1110010101010010
1110010101001100
1110010101001010
1110010100111000
1110010100110100
1110010100110010
1110010100101100
1110010100101010
1110010011110000
1110010011101000
1110010011100100
1110010011100010
1110010011011000
1110010011010100
1110010011010010
1110010011001100
1110010011001010
1110010010111000
1110010010110100
1110010010110010
1110010010101100
1110010010101010
1110001111100000
1110001111010000
1110001111001000
1110001111000100
1110001111000010
1110001110110000
1110001110101000
1110001110100100
1110001110100010
1110001110011000
1110001110010100
1110001110010010
1110001110001100
1110001110001010
1110001101110000
1110001101101000
1110001101100100
1110001101100010
1110001101011000
1110001101010100
1110001101010010
1110001101001100
1110001101001010
1110001100111000
1110001100110100
1110001100110010
1110001100101100
1110001100101010
1110001011110000
1110001011101000
1110001011100100
1110001011100010
1110001011011000
1110001011010100
1110001011010010
1110001011001100
1110001011001010
1110001010111000
1110001010110100
1110001010110010
1110001010101100
1110001010101010
1101111110000000
1101111101000000
1101111100100000
1101111100010000
1101111100001000
1101111100000100
1101111100000010
1101111011000000
1101111010100000
1101111010010000
1101111010001000
1101111010000100
1101111010000010
1101111001100000
1101111001010000
1101111001001000
1101111001000100
1101111001000010
1101111000110000
1101111000101000
1101111000100100
1101111000100010
1101111000011000
1101111000010100
1101111000010010
1101111000001100
1101111000001010
1101110111000000
1101110110100000
1101110110010000
1101110110001000
1101110110000100
1101110110000010
1101110101100000
1101110101010000
1101110101001000
1101110101000100
1101110101000010
1101110100110000
1101110100101000
1101110100100100
1101110100100010
1101110100011000
1101110100010100
1101110100010010
1101110100001100
1101110100001010
1101110011100000
1101110011010000
1101110011001000
1101110011000100
1101110011000010
1101110010110000
1101110010101000
1101110010100100
1101110010100010
1101110010011000
1101110010010100
1101110010010010
1101110010001100
1101110010001010
1101110001110000
1101110001101000
1101110001100100
1101110001100010
1101110001011000
1101110001010100
1101110001010010
1101110001001100
1101110001001010
1101110000111000
1101110000110100
1101110000110010
1101110000101100
1101110000101010
1101101111000000
1101101110100000
1101101110010000
1101101110001000
1101101110000100
1101101110000010
1101101101100000
1101101101010000
1101101101001000
1101101101000100
1101101101000010
1101101100110000
1101101100101000
1101101100100100
1101101100100010
1101101100011000
1101101100010100
1101101100010010
1101101100001100
1101101100001010
1101101011100000
1101101011010000
1101101011001000
1101101011000100
1101101011000010
1101101010110000
1101101010101000
1101101010100100
1101101010100010
1101101010011000
1101101010010100
1101101010010010
1101101010001100
1101101010001010
1101101001110000
1101101001101000
1101101001100100
1101101001100010
1101101001011000
1101101001010100
1101101001010010
1101101001001100
1101101001001010
1101101000111000
1101101000110100
1101101000110010
1101101000101100
1101101000101010
1101100111100000
1101100111010000
1101100111001000
1101100111000100
1101100111000010
1101100110110000
1101100110101000
1101100110100100
1101100110100010
1101100110011000
1101100110010100
1101100110010010
1101100110001100
1101100110001010
1101100101110000
1101100101101000
1101100101100100
1101100101100010
1101100101011000
1101100101010100
1101100101010010
1101100101001100
1101100101001010
1101100100111000
1101100100110100
1101100100110010
1101100100101100
1101100100101010
1101100011110000
1101100011101000
1101100011100100
1101100011100010
1101100011011000
1101100011010100
1101100011010010
1101100011001100
1101100011001010
1101100010111000
1101100010110100
1101100010110010
1101100010101100
1101100010101010
1101011111000000
1101011110100000
1101011110010000
1101011110001000
1101011110000100
1101011110000010
1101011101100000
1101011101010000
1101011101001000
1101011101000100
1101011101000010
1101011100110000
1101011100101000
1101011100100100
1101011100100010
1101011100011000
1101011100010100
1101011100010010
1101011100001100
1101011100001010
1101011011100000
1101011011010000
1101011011001000
1101011011000100
1101011011000010
1101011010110000
1101011010101000
1101011010100100
1101011010100010
1101011010011000
1101011010010100
1101011010010010
1101011010001100
1101011010001010
1101011001110000
1101011001101000
1101011001100100
1101011001100010
1101011001011000
1101011001010100
1101011001010010
1101011001001100
1101011001001010
1101011000111000
1101011000110100
1101011000110010
1101011000101100
1101011000101010
1101010111100000
1101010111010000
1101010111001000
1101010111000100
1101010111000010
1101010110110000
1101010110101000
1101010110100100
1101010110100010
1101010110011000
1101010110010100
1101010110010010
1101010110001100
1101010110001010
1101010101110000
1101010101101000
1101010101100100
1101010101100010
1101010101011000
1101010101010100
1101010101010010
1101010101001100
1101010101001010
1101010100111000
1101010100110100
1101010100110010
1101010100101100
1101010100101010
1101010011110000
1101010011101000
1101010011100100
1101010011100010
1101010011011000
1101010011010100
1101010011010010
1101010011001100
1101010011001010
1101010010111000
1101010010110100
1101010010110010
1101010010101100
1101010010101010
1101001111100000
1101001111010000
1101001111001000
1101001111000100
1101001111000010
1101001110110000
1101001110101000
1101001110100100
1101001110100010
1101001110011000
1101001110010100
1101001110010010
1101001110001100
1101001110001010
1101001101110000
1101001101101000
1101001101100100
1101001101100010
1101001101011000
1101001101010100
1101001101010010
1101001101001100
1101001101001010
1101001100111000
1101001100110100
1101001100110010
1101001100101100
1101001100101010
1101001011110000
1101001011101000
1101001011100100
1101001011100010
1101001011011000
1101001011010100
1101001011010010
1101001011001100
1101001011001010
1101001010111000
1101001010110100
1101001010110010
1101001010101100
1101001010101010
1100111111000000
1100111110100000
1100111110010000
1100111110001000
1100111110000100
1100111110000010
1100111101100000
1100111101010000
1100111101001000
1100111101000100
1100111101000010
1100111100110000
1100111100101000
1100111100100100
1100111100100010
1100111100011000
1100111100010100
1100111100010010
1100111100001100
1100111100001010
1100111011100000
1100111011010000
1100111011001000
1100111011000100
1100111011000010
1100111010110000
1100111010101000
1100111010100100
1100111010100010
1100111010011000
1100111010010100
1100111010010010
1100111010001100
1100111010001010
1100111001110000
1100111001101000
1100111001100100
1100111001100010
1100111001011000
1100111001010100
1100111001010010
1100111001001100
1100111001001010
1100111000111000
1100111000110100
1100111000110010
1100111000101100
1100111000101010
1100110111100000
1100110111010000
1100110111001000
1100110111000100
1100110111000010
1100110110110000
1100110110101000
1100110110100100
1100110110100010
1100110110011000
1100110110010100
1100110110010010
1100110110001100
1100110110001010
1100110101110000
1100110101101000
1100110101100100
1100110101100010
1100110101011000
1100110101010100
1100110101010010
1100110101001100
1100110101001010
1100110100111000
1100110100110100
1100110100110010
1100110100101100
1100110100101010
1100110011110000
1100110011101000
1100110011100100
1100110011100010
1100110011011000
1100110011010100
1100110011010010
1100110011001100
1100110011001010
1100110010111000
1100110010110100
1100110010110010
1100110010101100
1100110010101010
1100101111100000
1100101111010000
1100101111001000
1100101111000100
1100101111000010
1100101110110000
1100101110101000
1100101110100100
1100101110100010
1100101110011000
1100101110010100
1100101110010010
1100101110001100
1100101110001010
1100101101110000
1100101101101000
1100101101100100
1100101101100010
1100101101011000
1100101101010100
1100101101010010
1100101101001100
1100101101001010
1100101100111000
1100101100110100
1100101100110010
1100101100101100
1100101100101010
1100101011110000
1100101011101000
1100101011100100
1100101011100010
1100101011011000
1100101011010100
1100101011010010
1100101011001100
1100101011001010
1100101010111000
1100101010110100
1100101010110010
1100101010101100
1100101010101010
1011111110000000
1011111101000000
1011111100100000
1011111100010000
1011111100001000
1011111100000100
1011111100000010
1011111011000000
1011111010100000
1011111010010000
1011111010001000
1011111010000100
1011111010000010
1011111001100000
1011111001010000
1011111001001000
1011111001000100
1011111001000010
1011111000110000
1011111000101000
1011111000100100
1011111000100010
1011111000011000
1011111000010100
1011111000010010
1011111000001100
1011111000001010
1011110111000000
1011110110100000
1011110110010000
1011110110001000
1011110110000100
1011110110000010
1011110101100000
1011110101010000
1011110101001000
1011110101000100
1011110101000010
1011110100110000
1011110100101000
1011110100100100
1011110100100010
1011110100011000
1011110100010100
1011110100010010
1011110100001100
1011110100001010
1011110011100000
1011110011010000
1011110011001000
1011110011000100
1011110011000010
1011110010110000
1011110010101000
1011110010100100
1011110010100010
1011110010011000
1011110010010100
1011110010010010
1011110010001100
1011110010001010
1011110001110000
1011110001101000
1011110001100100
1011110001100010
1011110001011000
1011110001010100
1011110001010010
1011110001001100
1011110001001010
1011110000111000
1011110000110100
1011110000110010
1011110000101100
1011110000101010
1011101111000000
1011101110100000
1011101110010000
1011101110001000
1011101110000100
1011101110000010
1011101101100000
1011101101010000
1011101101001000
1011101101000100
1011101101000010
1011101100110000
1011101100101000
1011101100100100
1011101100100010
1011101100011000
1011101100010100
1011101100010010
1011101100001100
1011101100001010
1011101011100000
1011101011010000
1011101011001000
1011101011000100
1011101011000010
1011101010110000
1011101010101000
1011101010100100
1011101010100010
1011101010011000
1011101010010100
1011101010010010
1011101010001100
1011101010001010
1011101001110000
1011101001101000
1011101001100100
1011101001100010
1011101001011000
1011101001010100
1011101001010010
1011101001001100
1011101001001010
1011101000111000
1011101000110100
1011101000110010
1011101000101100
1011101000101010
1011100111100000
1011100111010000
1011100111001000
1011100111000100
1011100111000010
1011100110110000
1011100110101000
1011100110100100
1011100110100010
1011100110011000
1011100110010100
1011100110010010
1011100110001100
1011100110001010
1011100101110000
1011100101101000
1011100101100100
1011100101100010
1011100101011000
1011100101010100
1011100101010010
1011100101001100
1011100101001010
1011100100111000
1011100100110100
1011100100110010
1011100100101100
1011100100101010
1011100011110000
1011100011101000
1011100011100100
1011100011100010
1011100011011000
1011100011010100
1011100011010010
1011100011001100
1011100011001010
1011100010111000
1011100010110100
1011100010110010
1011100010101100
1011100010101010
1011011111000000
1011011110100000
1011011110010000
1011011110001000
1011011110000100
1011011110000010
1011011101100000
1011011101010000
1011011101001000
1011011101000100
1011011101000010
1011011100110000
1011011100101000
1011011100100100
1011011100100010
1011011100011000
1011011100010100
1011011100010010
1011011100001100
1011011100001010
1011011011100000
1011011011010000
1011011011001000
1011011011000100
1011011011000010
1011011010110000
1011011010101000
1011011010100100
1011011010100010
1011011010011000
1011011010010100
1011011010010010
1011011010001100
1011011010001010
1011011001110000
1011011001101000
1011011001100100
1011011001100010
1011011001011000
1011011001010100
1011011001010010
1011011001001100
1011011001001010
1011011000111000
1011011000110100
1011011000110010
1011011000101100
1011011000101010
1011010111100000
1011010111010000
1011010111001000
1011010111000100
1011010111000010
1011010110110000
1011010110101000
1011010110100100
1011010110100010
1011010110011000
1011010110010100
1011010110010010
1011010110001100
1011010110001010
1011010101110000
1011010101101000
1011010101100100
1011010101100010
1011010101011000
1011010101010100
1011010101010010
1011010101001100
1011010101001010
1011010100111000
1011010100110100
1011010100110010
1011010100101100
1011010100101010
1011010011110000
1011010011101000
1011010011100100
1011010011100010
1011010011011000
1011010011010100
1011010011010010
1011010011001100
1011010011001010
1011010010111000
1011010010110100
1011010010110010
1011010010101100
1011010010101010
1011001111100000
1011001111010000
1011001111001000
1011001111000100
1011001111000010
1011001110110000
1011001110101000
1011001110100100
1011001110100010
1011001110011000
1011001110010100
1011001110010010
1011001110001100
1011001110001010
1011001101110000
1011001101101000
1011001101100100
1011001101100010
1011001101011000
1011001101010100
1011001101010010
1011001101001100
1011001101001010
1011001100111000
1011001100110100
1011001100110010
1011001100101100
1011001100101010
1011001011110000
1011001011101000
1011001011100100
1011001011100010
1011001011011000
1011001011010100
1011001011010010
1011001011001100
1011001011001010
1011001010111000
1011001010110100
1011001010110010
1011001010101100
1011001010101010
1010111111000000
1010111110100000
1010111110010000
1010111110001000
1010111110000100
1010111110000010
1010111101100000
1010111101010000
1010111101001000
1010111101000100
1010111101000010
1010111100110000
1010111100101000
1010111100100100
1010111100100010
1010111100011000
1010111100010100
1010111100010010
1010111100001100
1010111100001010
1010111011100000
1010111011010000
1010111011001000
1010111011000100
1010111011000010
1010111010110000
1010111010101000
1010111010100100
1010111010100010
1010111010011000
1010111010010100
1010111010010010
1010111010001100
1010111010001010
1010111001110000
1010111001101000
1010111001100100
1010111001100010
1010111001011000
1010111001010100
1010111001010010
1010111001001100
1010111001001010
1010111000111000
1010111000110100
1010111000110010
1010111000101100
1010111000101010
1010110111100000
1010110111010000
1010110111001000
1010110111000100
1010110111000010
1010110110110000
1010110110101000
1010110110100100
1010110110100010
1010110110011000
1010110110010100
1010110110010010
1010110110001100
1010110110001010
1010110101110000
1010110101101000
1010110101100100
1010110101100010
1010110101011000
1010110101010100
1010110101010010
1010110101001100
1010110101001010
1010110100111000
1010110100110100
1010110100110010
1010110100101100
1010110100101010
1010110011110000
1010110011101000
1010110011100100
1010110011100010
1010110011011000
1010110011010100
1010110011010010
1010110011001100
1010110011001010
1010110010111000
1010110010110100
1010110010110010
1010110010101100
1010110010101010
1010101111100000
1010101111010000
1010101111001000
1010101111000100
1010101111000010
1010101110110000
1010101110101000
1010101110100100
1010101110100010
1010101110011000
1010101110010100
1010101110010010
1010101110001100
1010101110001010
1010101101110000
1010101101101000
1010101101100100
1010101101100010
1010101101011000
1010101101010100
1010101101010010
1010101101001100
1010101101001010
1010101100111000
1010101100110100
1010101100110010
1010101100101100
1010101100101010
1010101011110000
1010101011101000
1010101011100100
1010101011100010
1010101011011000
1010101011010100
1010101011010010
1010101011001100
1010101011001010
1010101010111000
1010101010110100
1010101010110010
1010101010101100
1010101010101010
