111111000000
111110100000
111110010000
111110001000
111110000100
111110000010
111101100000
111101010000
111101001000
111101000100
111101000010
111100110000
111100101000
111100100100
111100100010
111100011000
111100010100
111100010010
111100001100
111100001010
111011100000
111011010000
111011001000
111011000100
111011000010
111010110000
111010101000
111010100100
111010100010
111010011000
111010010100
111010010010
111010001100
111010001010
111001110000
111001101000
111001100100
111001100010
111001011000
111001010100
111001010010
111001001100
111001001010
111000111000
111000110100
111000110010
111000101100
111000101010
110111100000
110111010000
110111001000
110111000100
110111000010
110110110000
110110101000
110110100100
110110100010
110110011000
110110010100
110110010010
110110001100
110110001010
110101110000
110101101000
110101100100
110101100010
110101011000
110101010100
110101010010
110101001100
110101001010
110100111000
110100110100
110100110010
110100101100
110100101010
110011110000
110011101000
110011100100
110011100010
110011011000
110011010100
110011010010
110011001100
110011001010
110010111000
110010110100
110010110010
110010101100
110010101010
101111100000
101111010000
101111001000
101111000100
101111000010
101110110000
101110101000
101110100100
101110100010
101110011000
101110010100
101110010010
101110001100
101110001010
101101110000
101101101000
101101100100
101101100010
101101011000
101101010100
101101010010
101101001100
101101001010
101100111000
101100110100
101100110010
101100101100
101100101010
101011110000
101011101000
101011100100
101011100010
101011011000
101011010100
101011010010
101011001100
101011001010
101010111000
101010110100
101010110010
101010101100
101010101010
