6 5 1 0 1 0 1 0 1 0 0 0
6 4 1 0 1 0 1 0 0 1 0 0
5 4 1 0 1 0 1 0 0 0 1 0
6 3 1 0 1 0 0 2 1 0 0 0
6 3 1 0 1 0 0 1 0 1 0 0
5 3 1 0 1 0 0 1 0 0 1 0
4 3 1 0 1 0 0 0 2 1 0 0
4 3 1 0 1 0 0 0 1 0 1 0
6 2 1 0 0 3 1 0 1 0 0 0
6 2 1 0 0 2 1 0 0 1 0 0
5 2 1 0 0 2 1 0 0 0 1 0
6 2 1 0 0 1 0 2 1 0 0 0
6 2 1 0 0 1 0 1 0 1 0 0
5 2 1 0 0 1 0 1 0 0 1 0
4 2 1 0 0 1 0 0 2 1 0 0
4 2 1 0 0 1 0 0 1 0 1 0
3 2 1 0 0 0 3 2 1 0 0 0
3 2 1 0 0 0 3 1 0 1 0 0
3 2 1 0 0 0 2 1 0 0 1 0
3 2 1 0 0 0 1 0 2 1 0 0
3 2 1 0 0 0 1 0 1 0 1 0
6 1 0 4 1 0 1 0 1 0 0 0
6 1 0 3 1 0 1 0 0 1 0 0
5 1 0 3 1 0 1 0 0 0 1 0
6 1 0 2 1 0 0 2 1 0 0 0
6 1 0 2 1 0 0 1 0 1 0 0
5 1 0 2 1 0 0 1 0 0 1 0
4 1 0 2 1 0 0 0 2 1 0 0
4 1 0 2 1 0 0 0 1 0 1 0
6 1 0 1 0 3 1 0 1 0 0 0
6 1 0 1 0 2 1 0 0 1 0 0
5 1 0 1 0 2 1 0 0 0 1 0
6 1 0 1 0 1 0 2 1 0 0 0
6 1 0 1 0 1 0 1 0 1 0 0
5 1 0 1 0 1 0 1 0 0 1 0
4 1 0 1 0 1 0 0 2 1 0 0
4 1 0 1 0 1 0 0 1 0 1 0
3 1 0 1 0 0 3 1 0 1 0 0
3 1 0 1 0 0 2 1 0 0 1 0
3 1 0 1 0 0 1 0 2 1 0 0
3 1 0 1 0 0 1 0 1 0 1 0
2 1 0 0 2 1 0 0 2 1 0 0
2 1 0 0 2 1 0 0 1 0 1 0
2 1 0 0 1 0 2 1 0 0 1 0
2 1 0 0 1 0 1 0 1 0 1 0
1 0 1 0 1 0 1 0 1 0 1 0
