8 7 6 1 0 1 0 1 0 1 0 1 0 0 0 0
8 7 5 1 0 1 0 1 0 1 0 0 1 0 0 0
8 6 5 1 0 1 0 1 0 1 0 0 0 1 0 0
7 6 5 1 0 1 0 1 0 1 0 0 0 0 1 0
8 7 4 1 0 1 0 1 0 0 2 1 0 0 0 0
8 7 4 1 0 1 0 1 0 0 1 0 1 0 0 0
8 6 4 1 0 1 0 1 0 0 1 0 0 1 0 0
7 6 4 1 0 1 0 1 0 0 1 0 0 0 1 0
8 5 4 1 0 1 0 1 0 0 0 2 1 0 0 0
8 5 4 1 0 1 0 1 0 0 0 1 0 1 0 0
7 5 4 1 0 1 0 1 0 0 0 1 0 0 1 0
6 5 4 1 0 1 0 1 0 0 0 0 2 1 0 0
6 5 4 1 0 1 0 1 0 0 0 0 1 0 1 0
8 7 3 1 0 1 0 0 3 1 0 1 0 0 0 0
8 7 3 1 0 1 0 0 2 1 0 0 1 0 0 0
8 6 3 1 0 1 0 0 2 1 0 0 0 1 0 0
7 6 3 1 0 1 0 0 2 1 0 0 0 0 1 0
8 7 3 1 0 1 0 0 1 0 2 1 0 0 0 0
8 7 3 1 0 1 0 0 1 0 1 0 1 0 0 0
8 6 3 1 0 1 0 0 1 0 1 0 0 1 0 0
7 6 3 1 0 1 0 0 1 0 1 0 0 0 1 0
8 5 3 1 0 1 0 0 1 0 0 2 1 0 0 0
8 5 3 1 0 1 0 0 1 0 0 1 0 1 0 0
7 5 3 1 0 1 0 0 1 0 0 1 0 0 1 0
6 5 3 1 0 1 0 0 1 0 0 0 2 1 0 0
6 5 3 1 0 1 0 0 1 0 0 0 1 0 1 0
8 4 3 1 0 1 0 0 0 3 2 1 0 0 0 0
8 4 3 1 0 1 0 0 0 3 1 0 1 0 0 0
8 4 3 1 0 1 0 0 0 2 1 0 0 1 0 0
7 4 3 1 0 1 0 0 0 2 1 0 0 0 1 0
8 4 3 1 0 1 0 0 0 1 0 2 1 0 0 0
8 4 3 1 0 1 0 0 0 1 0 1 0 1 0 0
7 4 3 1 0 1 0 0 0 1 0 1 0 0 1 0
6 4 3 1 0 1 0 0 0 1 0 0 2 1 0 0
6 4 3 1 0 1 0 0 0 1 0 0 1 0 1 0
5 4 3 1 0 1 0 0 0 0 3 2 1 0 0 0
5 4 3 1 0 1 0 0 0 0 3 1 0 1 0 0
5 4 3 1 0 1 0 0 0 0 2 1 0 0 1 0
5 4 3 1 0 1 0 0 0 0 1 0 2 1 0 0
5 4 3 1 0 1 0 0 0 0 1 0 1 0 1 0
8 7 2 1 0 0 4 1 0 1 0 1 0 0 0 0
8 7 2 1 0 0 3 1 0 1 0 0 1 0 0 0
8 6 2 1 0 0 3 1 0 1 0 0 0 1 0 0
7 6 2 1 0 0 3 1 0 1 0 0 0 0 1 0
8 7 2 1 0 0 2 1 0 0 2 1 0 0 0 0
8 7 2 1 0 0 2 1 0 0 1 0 1 0 0 0
8 6 2 1 0 0 2 1 0 0 1 0 0 1 0 0
7 6 2 1 0 0 2 1 0 0 1 0 0 0 1 0
8 5 2 1 0 0 2 1 0 0 0 2 1 0 0 0
8 5 2 1 0 0 2 1 0 0 0 1 0 1 0 0
7 5 2 1 0 0 2 1 0 0 0 1 0 0 1 0
6 5 2 1 0 0 2 1 0 0 0 0 2 1 0 0
6 5 2 1 0 0 2 1 0 0 0 0 1 0 1 0
8 7 2 1 0 0 1 0 3 1 0 1 0 0 0 0
8 7 2 1 0 0 1 0 2 1 0 0 1 0 0 0
8 6 2 1 0 0 1 0 2 1 0 0 0 1 0 0
7 6 2 1 0 0 1 0 2 1 0 0 0 0 1 0
8 7 2 1 0 0 1 0 1 0 2 1 0 0 0 0
8 7 2 1 0 0 1 0 1 0 1 0 1 0 0 0
8 6 2 1 0 0 1 0 1 0 1 0 0 1 0 0
7 6 2 1 0 0 1 0 1 0 1 0 0 0 1 0
8 5 2 1 0 0 1 0 1 0 0 2 1 0 0 0
8 5 2 1 0 0 1 0 1 0 0 1 0 1 0 0
7 5 2 1 0 0 1 0 1 0 0 1 0 0 1 0
6 5 2 1 0 0 1 0 1 0 0 0 2 1 0 0
6 5 2 1 0 0 1 0 1 0 0 0 1 0 1 0
8 4 2 1 0 0 1 0 0 3 2 1 0 0 0 0
8 4 2 1 0 0 1 0 0 3 1 0 1 0 0 0
8 4 2 1 0 0 1 0 0 2 1 0 0 1 0 0
7 4 2 1 0 0 1 0 0 2 1 0 0 0 1 0
8 4 2 1 0 0 1 0 0 1 0 2 1 0 0 0
8 4 2 1 0 0 1 0 0 1 0 1 0 1 0 0
7 4 2 1 0 0 1 0 0 1 0 1 0 0 1 0
6 4 2 1 0 0 1 0 0 1 0 0 2 1 0 0
6 4 2 1 0 0 1 0 0 1 0 0 1 0 1 0
5 4 2 1 0 0 1 0 0 0 3 2 1 0 0 0
5 4 2 1 0 0 1 0 0 0 3 1 0 1 0 0
5 4 2 1 0 0 1 0 0 0 2 1 0 0 1 0
5 4 2 1 0 0 1 0 0 0 1 0 2 1 0 0
5 4 2 1 0 0 1 0 0 0 1 0 1 0 1 0
8 3 2 1 0 0 0 4 3 1 0 1 0 0 0 0
8 3 2 1 0 0 0 4 2 1 0 0 1 0 0 0
8 3 2 1 0 0 0 3 2 1 0 0 0 1 0 0
7 3 2 1 0 0 0 3 2 1 0 0 0 0 1 0
8 3 2 1 0 0 0 4 1 0 2 1 0 0 0 0
8 3 2 1 0 0 0 4 1 0 1 0 1 0 0 0
8 3 2 1 0 0 0 3 1 0 1 0 0 1 0 0
7 3 2 1 0 0 0 3 1 0 1 0 0 0 1 0
8 3 2 1 0 0 0 2 1 0 0 2 1 0 0 0
8 3 2 1 0 0 0 2 1 0 0 1 0 1 0 0
7 3 2 1 0 0 0 2 1 0 0 1 0 0 1 0
6 3 2 1 0 0 0 2 1 0 0 0 2 1 0 0
6 3 2 1 0 0 0 2 1 0 0 0 1 0 1 0
8 3 2 1 0 0 0 1 0 3 2 1 0 0 0 0
8 3 2 1 0 0 0 1 0 3 1 0 1 0 0 0
8 3 2 1 0 0 0 1 0 2 1 0 0 1 0 0
7 3 2 1 0 0 0 1 0 2 1 0 0 0 1 0
8 3 2 1 0 0 0 1 0 1 0 2 1 0 0 0
8 3 2 1 0 0 0 1 0 1 0 1 0 1 0 0
7 3 2 1 0 0 0 1 0 1 0 1 0 0 1 0
6 3 2 1 0 0 0 1 0 1 0 0 2 1 0 0
6 3 2 1 0 0 0 1 0 1 0 0 1 0 1 0
5 3 2 1 0 0 0 1 0 0 3 2 1 0 0 0
5 3 2 1 0 0 0 1 0 0 3 1 0 1 0 0
5 3 2 1 0 0 0 1 0 0 2 1 0 0 1 0
5 3 2 1 0 0 0 1 0 0 1 0 2 1 0 0
5 3 2 1 0 0 0 1 0 0 1 0 1 0 1 0
4 3 2 1 0 0 0 0 4 3 2 1 0 0 0 0
4 3 2 1 0 0 0 0 4 3 1 0 1 0 0 0
4 3 2 1 0 0 0 0 4 2 1 0 0 1 0 0
4 3 2 1 0 0 0 0 3 2 1 0 0 0 1 0
4 3 2 1 0 0 0 0 4 1 0 2 1 0 0 0
4 3 2 1 0 0 0 0 4 1 0 1 0 1 0 0
4 3 2 1 0 0 0 0 3 1 0 1 0 0 1 0
4 3 2 1 0 0 0 0 2 1 0 0 2 1 0 0
4 3 2 1 0 0 0 0 2 1 0 0 1 0 1 0
4 3 2 1 0 0 0 0 1 0 3 2 1 0 0 0
4 3 2 1 0 0 0 0 1 0 3 1 0 1 0 0
4 3 2 1 0 0 0 0 1 0 2 1 0 0 1 0
4 3 2 1 0 0 0 0 1 0 1 0 2 1 0 0
4 3 2 1 0 0 0 0 1 0 1 0 1 0 1 0
8 7 1 0 5 1 0 1 0 1 0 1 0 0 0 0
8 7 1 0 4 1 0 1 0 1 0 0 1 0 0 0
8 6 1 0 4 1 0 1 0 1 0 0 0 1 0 0
7 6 1 0 4 1 0 1 0 1 0 0 0 0 1 0
8 7 1 0 3 1 0 1 0 0 2 1 0 0 0 0
8 7 1 0 3 1 0 1 0 0 1 0 1 0 0 0
8 6 1 0 3 1 0 1 0 0 1 0 0 1 0 0
7 6 1 0 3 1 0 1 0 0 1 0 0 0 1 0
8 5 1 0 3 1 0 1 0 0 0 2 1 0 0 0
8 5 1 0 3 1 0 1 0 0 0 1 0 1 0 0
7 5 1 0 3 1 0 1 0 0 0 1 0 0 1 0
6 5 1 0 3 1 0 1 0 0 0 0 2 1 0 0
6 5 1 0 3 1 0 1 0 0 0 0 1 0 1 0
8 7 1 0 2 1 0 0 3 1 0 1 0 0 0 0
8 7 1 0 2 1 0 0 2 1 0 0 1 0 0 0
8 6 1 0 2 1 0 0 2 1 0 0 0 1 0 0
7 6 1 0 2 1 0 0 2 1 0 0 0 0 1 0
8 7 1 0 2 1 0 0 1 0 2 1 0 0 0 0
8 7 1 0 2 1 0 0 1 0 1 0 1 0 0 0
8 6 1 0 2 1 0 0 1 0 1 0 0 1 0 0
7 6 1 0 2 1 0 0 1 0 1 0 0 0 1 0
8 5 1 0 2 1 0 0 1 0 0 2 1 0 0 0
8 5 1 0 2 1 0 0 1 0 0 1 0 1 0 0
7 5 1 0 2 1 0 0 1 0 0 1 0 0 1 0
6 5 1 0 2 1 0 0 1 0 0 0 2 1 0 0
6 5 1 0 2 1 0 0 1 0 0 0 1 0 1 0
8 4 1 0 2 1 0 0 0 3 2 1 0 0 0 0
8 4 1 0 2 1 0 0 0 3 1 0 1 0 0 0
8 4 1 0 2 1 0 0 0 2 1 0 0 1 0 0
7 4 1 0 2 1 0 0 0 2 1 0 0 0 1 0
8 4 1 0 2 1 0 0 0 1 0 2 1 0 0 0
8 4 1 0 2 1 0 0 0 1 0 1 0 1 0 0
7 4 1 0 2 1 0 0 0 1 0 1 0 0 1 0
6 4 1 0 2 1 0 0 0 1 0 0 2 1 0 0
6 4 1 0 2 1 0 0 0 1 0 0 1 0 1 0
5 4 1 0 2 1 0 0 0 0 3 2 1 0 0 0
5 4 1 0 2 1 0 0 0 0 3 1 0 1 0 0
5 4 1 0 2 1 0 0 0 0 2 1 0 0 1 0
5 4 1 0 2 1 0 0 0 0 1 0 2 1 0 0
5 4 1 0 2 1 0 0 0 0 1 0 1 0 1 0
8 7 1 0 1 0 4 1 0 1 0 1 0 0 0 0
8 7 1 0 1 0 3 1 0 1 0 0 1 0 0 0
8 6 1 0 1 0 3 1 0 1 0 0 0 1 0 0
7 6 1 0 1 0 3 1 0 1 0 0 0 0 1 0
8 7 1 0 1 0 2 1 0 0 2 1 0 0 0 0
8 7 1 0 1 0 2 1 0 0 1 0 1 0 0 0
8 6 1 0 1 0 2 1 0 0 1 0 0 1 0 0
7 6 1 0 1 0 2 1 0 0 1 0 0 0 1 0
8 5 1 0 1 0 2 1 0 0 0 2 1 0 0 0
8 5 1 0 1 0 2 1 0 0 0 1 0 1 0 0
7 5 1 0 1 0 2 1 0 0 0 1 0 0 1 0
6 5 1 0 1 0 2 1 0 0 0 0 2 1 0 0
6 5 1 0 1 0 2 1 0 0 0 0 1 0 1 0
8 7 1 0 1 0 1 0 3 1 0 1 0 0 0 0
8 7 1 0 1 0 1 0 2 1 0 0 1 0 0 0
8 6 1 0 1 0 1 0 2 1 0 0 0 1 0 0
7 6 1 0 1 0 1 0 2 1 0 0 0 0 1 0
8 7 1 0 1 0 1 0 1 0 2 1 0 0 0 0
8 7 1 0 1 0 1 0 1 0 1 0 1 0 0 0
8 6 1 0 1 0 1 0 1 0 1 0 0 1 0 0
7 6 1 0 1 0 1 0 1 0 1 0 0 0 1 0
8 5 1 0 1 0 1 0 1 0 0 2 1 0 0 0
8 5 1 0 1 0 1 0 1 0 0 1 0 1 0 0
7 5 1 0 1 0 1 0 1 0 0 1 0 0 1 0
6 5 1 0 1 0 1 0 1 0 0 0 2 1 0 0
6 5 1 0 1 0 1 0 1 0 0 0 1 0 1 0
8 4 1 0 1 0 1 0 0 3 2 1 0 0 0 0
8 4 1 0 1 0 1 0 0 3 1 0 1 0 0 0
8 4 1 0 1 0 1 0 0 2 1 0 0 1 0 0
7 4 1 0 1 0 1 0 0 2 1 0 0 0 1 0
8 4 1 0 1 0 1 0 0 1 0 2 1 0 0 0
8 4 1 0 1 0 1 0 0 1 0 1 0 1 0 0
7 4 1 0 1 0 1 0 0 1 0 1 0 0 1 0
6 4 1 0 1 0 1 0 0 1 0 0 2 1 0 0
6 4 1 0 1 0 1 0 0 1 0 0 1 0 1 0
5 4 1 0 1 0 1 0 0 0 3 2 1 0 0 0
5 4 1 0 1 0 1 0 0 0 3 1 0 1 0 0
5 4 1 0 1 0 1 0 0 0 2 1 0 0 1 0
5 4 1 0 1 0 1 0 0 0 1 0 2 1 0 0
5 4 1 0 1 0 1 0 0 0 1 0 1 0 1 0
8 3 1 0 1 0 0 4 3 1 0 1 0 0 0 0
8 3 1 0 1 0 0 4 2 1 0 0 1 0 0 0
8 3 1 0 1 0 0 3 2 1 0 0 0 1 0 0
7 3 1 0 1 0 0 3 2 1 0 0 0 0 1 0
8 3 1 0 1 0 0 4 1 0 2 1 0 0 0 0
8 3 1 0 1 0 0 4 1 0 1 0 1 0 0 0
8 3 1 0 1 0 0 3 1 0 1 0 0 1 0 0
7 3 1 0 1 0 0 3 1 0 1 0 0 0 1 0
8 3 1 0 1 0 0 2 1 0 0 2 1 0 0 0
8 3 1 0 1 0 0 2 1 0 0 1 0 1 0 0
7 3 1 0 1 0 0 2 1 0 0 1 0 0 1 0
6 3 1 0 1 0 0 2 1 0 0 0 2 1 0 0
6 3 1 0 1 0 0 2 1 0 0 0 1 0 1 0
8 3 1 0 1 0 0 1 0 3 2 1 0 0 0 0
8 3 1 0 1 0 0 1 0 3 1 0 1 0 0 0
8 3 1 0 1 0 0 1 0 2 1 0 0 1 0 0
7 3 1 0 1 0 0 1 0 2 1 0 0 0 1 0
8 3 1 0 1 0 0 1 0 1 0 2 1 0 0 0
8 3 1 0 1 0 0 1 0 1 0 1 0 1 0 0
7 3 1 0 1 0 0 1 0 1 0 1 0 0 1 0
6 3 1 0 1 0 0 1 0 1 0 0 2 1 0 0
6 3 1 0 1 0 0 1 0 1 0 0 1 0 1 0
5 3 1 0 1 0 0 1 0 0 3 2 1 0 0 0
5 3 1 0 1 0 0 1 0 0 3 1 0 1 0 0
5 3 1 0 1 0 0 1 0 0 2 1 0 0 1 0
5 3 1 0 1 0 0 1 0 0 1 0 2 1 0 0
5 3 1 0 1 0 0 1 0 0 1 0 1 0 1 0
4 3 1 0 1 0 0 0 4 3 1 0 1 0 0 0
4 3 1 0 1 0 0 0 4 2 1 0 0 1 0 0
4 3 1 0 1 0 0 0 3 2 1 0 0 0 1 0
4 3 1 0 1 0 0 0 4 1 0 2 1 0 0 0
4 3 1 0 1 0 0 0 4 1 0 1 0 1 0 0
4 3 1 0 1 0 0 0 3 1 0 1 0 0 1 0
4 3 1 0 1 0 0 0 2 1 0 0 2 1 0 0
4 3 1 0 1 0 0 0 2 1 0 0 1 0 1 0
4 3 1 0 1 0 0 0 1 0 3 2 1 0 0 0
4 3 1 0 1 0 0 0 1 0 3 1 0 1 0 0
4 3 1 0 1 0 0 0 1 0 2 1 0 0 1 0
4 3 1 0 1 0 0 0 1 0 1 0 2 1 0 0
4 3 1 0 1 0 0 0 1 0 1 0 1 0 1 0
8 2 1 0 0 5 4 1 0 1 0 1 0 0 0 0
8 2 1 0 0 5 3 1 0 1 0 0 1 0 0 0
8 2 1 0 0 4 3 1 0 1 0 0 0 1 0 0
7 2 1 0 0 4 3 1 0 1 0 0 0 0 1 0
8 2 1 0 0 5 2 1 0 0 2 1 0 0 0 0
8 2 1 0 0 5 2 1 0 0 1 0 1 0 0 0
8 2 1 0 0 4 2 1 0 0 1 0 0 1 0 0
7 2 1 0 0 4 2 1 0 0 1 0 0 0 1 0
8 2 1 0 0 3 2 1 0 0 0 2 1 0 0 0
8 2 1 0 0 3 2 1 0 0 0 1 0 1 0 0
7 2 1 0 0 3 2 1 0 0 0 1 0 0 1 0
6 2 1 0 0 3 2 1 0 0 0 0 2 1 0 0
6 2 1 0 0 3 2 1 0 0 0 0 1 0 1 0
8 2 1 0 0 5 1 0 3 1 0 1 0 0 0 0
8 2 1 0 0 5 1 0 2 1 0 0 1 0 0 0
8 2 1 0 0 4 1 0 2 1 0 0 0 1 0 0
7 2 1 0 0 4 1 0 2 1 0 0 0 0 1 0
8 2 1 0 0 5 1 0 1 0 2 1 0 0 0 0
8 2 1 0 0 5 1 0 1 0 1 0 1 0 0 0
8 2 1 0 0 4 1 0 1 0 1 0 0 1 0 0
7 2 1 0 0 4 1 0 1 0 1 0 0 0 1 0
8 2 1 0 0 3 1 0 1 0 0 2 1 0 0 0
8 2 1 0 0 3 1 0 1 0 0 1 0 1 0 0
7 2 1 0 0 3 1 0 1 0 0 1 0 0 1 0
6 2 1 0 0 3 1 0 1 0 0 0 2 1 0 0
6 2 1 0 0 3 1 0 1 0 0 0 1 0 1 0
8 2 1 0 0 2 1 0 0 3 2 1 0 0 0 0
8 2 1 0 0 2 1 0 0 3 1 0 1 0 0 0
8 2 1 0 0 2 1 0 0 2 1 0 0 1 0 0
7 2 1 0 0 2 1 0 0 2 1 0 0 0 1 0
8 2 1 0 0 2 1 0 0 1 0 2 1 0 0 0
8 2 1 0 0 2 1 0 0 1 0 1 0 1 0 0
7 2 1 0 0 2 1 0 0 1 0 1 0 0 1 0
6 2 1 0 0 2 1 0 0 1 0 0 2 1 0 0
6 2 1 0 0 2 1 0 0 1 0 0 1 0 1 0
5 2 1 0 0 2 1 0 0 0 3 2 1 0 0 0
5 2 1 0 0 2 1 0 0 0 3 1 0 1 0 0
5 2 1 0 0 2 1 0 0 0 2 1 0 0 1 0
5 2 1 0 0 2 1 0 0 0 1 0 2 1 0 0
5 2 1 0 0 2 1 0 0 0 1 0 1 0 1 0
8 2 1 0 0 1 0 4 3 1 0 1 0 0 0 0
8 2 1 0 0 1 0 4 2 1 0 0 1 0 0 0
8 2 1 0 0 1 0 3 2 1 0 0 0 1 0 0
7 2 1 0 0 1 0 3 2 1 0 0 0 0 1 0
8 2 1 0 0 1 0 4 1 0 2 1 0 0 0 0
8 2 1 0 0 1 0 4 1 0 1 0 1 0 0 0
8 2 1 0 0 1 0 3 1 0 1 0 0 1 0 0
7 2 1 0 0 1 0 3 1 0 1 0 0 0 1 0
8 2 1 0 0 1 0 2 1 0 0 2 1 0 0 0
8 2 1 0 0 1 0 2 1 0 0 1 0 1 0 0
7 2 1 0 0 1 0 2 1 0 0 1 0 0 1 0
6 2 1 0 0 1 0 2 1 0 0 0 2 1 0 0
6 2 1 0 0 1 0 2 1 0 0 0 1 0 1 0
8 2 1 0 0 1 0 1 0 3 2 1 0 0 0 0
8 2 1 0 0 1 0 1 0 3 1 0 1 0 0 0
8 2 1 0 0 1 0 1 0 2 1 0 0 1 0 0
7 2 1 0 0 1 0 1 0 2 1 0 0 0 1 0
8 2 1 0 0 1 0 1 0 1 0 2 1 0 0 0
8 2 1 0 0 1 0 1 0 1 0 1 0 1 0 0
7 2 1 0 0 1 0 1 0 1 0 1 0 0 1 0
6 2 1 0 0 1 0 1 0 1 0 0 2 1 0 0
6 2 1 0 0 1 0 1 0 1 0 0 1 0 1 0
5 2 1 0 0 1 0 1 0 0 3 2 1 0 0 0
5 2 1 0 0 1 0 1 0 0 3 1 0 1 0 0
5 2 1 0 0 1 0 1 0 0 2 1 0 0 1 0
5 2 1 0 0 1 0 1 0 0 1 0 2 1 0 0
5 2 1 0 0 1 0 1 0 0 1 0 1 0 1 0
4 2 1 0 0 1 0 0 4 2 1 0 0 1 0 0
4 2 1 0 0 1 0 0 3 2 1 0 0 0 1 0
4 2 1 0 0 1 0 0 4 1 0 2 1 0 0 0
4 2 1 0 0 1 0 0 4 1 0 1 0 1 0 0
4 2 1 0 0 1 0 0 3 1 0 1 0 0 1 0
4 2 1 0 0 1 0 0 2 1 0 0 2 1 0 0
4 2 1 0 0 1 0 0 2 1 0 0 1 0 1 0
4 2 1 0 0 1 0 0 1 0 3 2 1 0 0 0
4 2 1 0 0 1 0 0 1 0 3 1 0 1 0 0
4 2 1 0 0 1 0 0 1 0 2 1 0 0 1 0
4 2 1 0 0 1 0 0 1 0 1 0 2 1 0 0
4 2 1 0 0 1 0 0 1 0 1 0 1 0 1 0
3 2 1 0 0 0 3 2 1 0 0 0 2 1 0 0
3 2 1 0 0 0 3 2 1 0 0 0 1 0 1 0
3 2 1 0 0 0 5 1 0 3 2 1 0 0 0 0
3 2 1 0 0 0 5 1 0 3 1 0 1 0 0 0
3 2 1 0 0 0 5 1 0 2 1 0 0 1 0 0
3 2 1 0 0 0 4 1 0 2 1 0 0 0 1 0
3 2 1 0 0 0 5 1 0 1 0 2 1 0 0 0
3 2 1 0 0 0 5 1 0 1 0 1 0 1 0 0
3 2 1 0 0 0 4 1 0 1 0 1 0 0 1 0
3 2 1 0 0 0 3 1 0 1 0 0 2 1 0 0
3 2 1 0 0 0 3 1 0 1 0 0 1 0 1 0
3 2 1 0 0 0 2 1 0 0 3 1 0 1 0 0
3 2 1 0 0 0 2 1 0 0 2 1 0 0 1 0
3 2 1 0 0 0 2 1 0 0 1 0 2 1 0 0
3 2 1 0 0 0 2 1 0 0 1 0 1 0 1 0
3 2 1 0 0 0 1 0 3 2 1 0 0 0 1 0
3 2 1 0 0 0 1 0 4 1 0 2 1 0 0 0
3 2 1 0 0 0 1 0 4 1 0 1 0 1 0 0
3 2 1 0 0 0 1 0 3 1 0 1 0 0 1 0
3 2 1 0 0 0 1 0 2 1 0 0 2 1 0 0
3 2 1 0 0 0 1 0 2 1 0 0 1 0 1 0
3 2 1 0 0 0 1 0 1 0 3 1 0 1 0 0
3 2 1 0 0 0 1 0 1 0 2 1 0 0 1 0
3 2 1 0 0 0 1 0 1 0 1 0 2 1 0 0
3 2 1 0 0 0 1 0 1 0 1 0 1 0 1 0
8 1 0 6 5 1 0 1 0 1 0 1 0 0 0 0
8 1 0 6 4 1 0 1 0 1 0 0 1 0 0 0
8 1 0 5 4 1 0 1 0 1 0 0 0 1 0 0
7 1 0 5 4 1 0 1 0 1 0 0 0 0 1 0
8 1 0 6 3 1 0 1 0 0 2 1 0 0 0 0
8 1 0 6 3 1 0 1 0 0 1 0 1 0 0 0
8 1 0 5 3 1 0 1 0 0 1 0 0 1 0 0
7 1 0 5 3 1 0 1 0 0 1 0 0 0 1 0
8 1 0 4 3 1 0 1 0 0 0 2 1 0 0 0
8 1 0 4 3 1 0 1 0 0 0 1 0 1 0 0
7 1 0 4 3 1 0 1 0 0 0 1 0 0 1 0
6 1 0 4 3 1 0 1 0 0 0 0 2 1 0 0
6 1 0 4 3 1 0 1 0 0 0 0 1 0 1 0
8 1 0 6 2 1 0 0 3 1 0 1 0 0 0 0
8 1 0 6 2 1 0 0 2 1 0 0 1 0 0 0
8 1 0 5 2 1 0 0 2 1 0 0 0 1 0 0
7 1 0 5 2 1 0 0 2 1 0 0 0 0 1 0
8 1 0 6 2 1 0 0 1 0 2 1 0 0 0 0
8 1 0 6 2 1 0 0 1 0 1 0 1 0 0 0
8 1 0 5 2 1 0 0 1 0 1 0 0 1 0 0
7 1 0 5 2 1 0 0 1 0 1 0 0 0 1 0
8 1 0 4 2 1 0 0 1 0 0 2 1 0 0 0
8 1 0 4 2 1 0 0 1 0 0 1 0 1 0 0
7 1 0 4 2 1 0 0 1 0 0 1 0 0 1 0
6 1 0 4 2 1 0 0 1 0 0 0 2 1 0 0
6 1 0 4 2 1 0 0 1 0 0 0 1 0 1 0
8 1 0 3 2 1 0 0 0 3 2 1 0 0 0 0
8 1 0 3 2 1 0 0 0 3 1 0 1 0 0 0
8 1 0 3 2 1 0 0 0 2 1 0 0 1 0 0
7 1 0 3 2 1 0 0 0 2 1 0 0 0 1 0
8 1 0 3 2 1 0 0 0 1 0 2 1 0 0 0
8 1 0 3 2 1 0 0 0 1 0 1 0 1 0 0
7 1 0 3 2 1 0 0 0 1 0 1 0 0 1 0
6 1 0 3 2 1 0 0 0 1 0 0 2 1 0 0
6 1 0 3 2 1 0 0 0 1 0 0 1 0 1 0
5 1 0 3 2 1 0 0 0 0 3 1 0 1 0 0
5 1 0 3 2 1 0 0 0 0 2 1 0 0 1 0
5 1 0 3 2 1 0 0 0 0 1 0 2 1 0 0
5 1 0 3 2 1 0 0 0 0 1 0 1 0 1 0
8 1 0 6 1 0 4 1 0 1 0 1 0 0 0 0
8 1 0 6 1 0 3 1 0 1 0 0 1 0 0 0
8 1 0 5 1 0 3 1 0 1 0 0 0 1 0 0
7 1 0 5 1 0 3 1 0 1 0 0 0 0 1 0
8 1 0 6 1 0 2 1 0 0 2 1 0 0 0 0
8 1 0 6 1 0 2 1 0 0 1 0 1 0 0 0
8 1 0 5 1 0 2 1 0 0 1 0 0 1 0 0
7 1 0 5 1 0 2 1 0 0 1 0 0 0 1 0
8 1 0 4 1 0 2 1 0 0 0 2 1 0 0 0
8 1 0 4 1 0 2 1 0 0 0 1 0 1 0 0
7 1 0 4 1 0 2 1 0 0 0 1 0 0 1 0
6 1 0 4 1 0 2 1 0 0 0 0 2 1 0 0
6 1 0 4 1 0 2 1 0 0 0 0 1 0 1 0
8 1 0 6 1 0 1 0 3 1 0 1 0 0 0 0
8 1 0 6 1 0 1 0 2 1 0 0 1 0 0 0
8 1 0 5 1 0 1 0 2 1 0 0 0 1 0 0
7 1 0 5 1 0 1 0 2 1 0 0 0 0 1 0
8 1 0 6 1 0 1 0 1 0 2 1 0 0 0 0
8 1 0 6 1 0 1 0 1 0 1 0 1 0 0 0
8 1 0 5 1 0 1 0 1 0 1 0 0 1 0 0
7 1 0 5 1 0 1 0 1 0 1 0 0 0 1 0
8 1 0 4 1 0 1 0 1 0 0 2 1 0 0 0
8 1 0 4 1 0 1 0 1 0 0 1 0 1 0 0
7 1 0 4 1 0 1 0 1 0 0 1 0 0 1 0
6 1 0 4 1 0 1 0 1 0 0 0 2 1 0 0
6 1 0 4 1 0 1 0 1 0 0 0 1 0 1 0
8 1 0 3 1 0 1 0 0 3 2 1 0 0 0 0
8 1 0 3 1 0 1 0 0 3 1 0 1 0 0 0
8 1 0 3 1 0 1 0 0 2 1 0 0 1 0 0
7 1 0 3 1 0 1 0 0 2 1 0 0 0 1 0
8 1 0 3 1 0 1 0 0 1 0 2 1 0 0 0
8 1 0 3 1 0 1 0 0 1 0 1 0 1 0 0
7 1 0 3 1 0 1 0 0 1 0 1 0 0 1 0
6 1 0 3 1 0 1 0 0 1 0 0 2 1 0 0
6 1 0 3 1 0 1 0 0 1 0 0 1 0 1 0
5 1 0 3 1 0 1 0 0 0 3 1 0 1 0 0
5 1 0 3 1 0 1 0 0 0 2 1 0 0 1 0
5 1 0 3 1 0 1 0 0 0 1 0 2 1 0 0
5 1 0 3 1 0 1 0 0 0 1 0 1 0 1 0
8 1 0 2 1 0 0 4 3 1 0 1 0 0 0 0
8 1 0 2 1 0 0 4 2 1 0 0 1 0 0 0
8 1 0 2 1 0 0 3 2 1 0 0 0 1 0 0
7 1 0 2 1 0 0 3 2 1 0 0 0 0 1 0
8 1 0 2 1 0 0 4 1 0 2 1 0 0 0 0
8 1 0 2 1 0 0 4 1 0 1 0 1 0 0 0
8 1 0 2 1 0 0 3 1 0 1 0 0 1 0 0
7 1 0 2 1 0 0 3 1 0 1 0 0 0 1 0
8 1 0 2 1 0 0 2 1 0 0 2 1 0 0 0
8 1 0 2 1 0 0 2 1 0 0 1 0 1 0 0
7 1 0 2 1 0 0 2 1 0 0 1 0 0 1 0
6 1 0 2 1 0 0 2 1 0 0 0 2 1 0 0
6 1 0 2 1 0 0 2 1 0 0 0 1 0 1 0
8 1 0 2 1 0 0 1 0 3 2 1 0 0 0 0
8 1 0 2 1 0 0 1 0 3 1 0 1 0 0 0
8 1 0 2 1 0 0 1 0 2 1 0 0 1 0 0
7 1 0 2 1 0 0 1 0 2 1 0 0 0 1 0
8 1 0 2 1 0 0 1 0 1 0 2 1 0 0 0
8 1 0 2 1 0 0 1 0 1 0 1 0 1 0 0
7 1 0 2 1 0 0 1 0 1 0 1 0 0 1 0
6 1 0 2 1 0 0 1 0 1 0 0 2 1 0 0
6 1 0 2 1 0 0 1 0 1 0 0 1 0 1 0
5 1 0 2 1 0 0 1 0 0 3 1 0 1 0 0
5 1 0 2 1 0 0 1 0 0 2 1 0 0 1 0
5 1 0 2 1 0 0 1 0 0 1 0 2 1 0 0
5 1 0 2 1 0 0 1 0 0 1 0 1 0 1 0
4 1 0 2 1 0 0 0 4 1 0 2 1 0 0 0
4 1 0 2 1 0 0 0 4 1 0 1 0 1 0 0
4 1 0 2 1 0 0 0 3 1 0 1 0 0 1 0
4 1 0 2 1 0 0 0 2 1 0 0 2 1 0 0
4 1 0 2 1 0 0 0 2 1 0 0 1 0 1 0
4 1 0 2 1 0 0 0 1 0 3 1 0 1 0 0
4 1 0 2 1 0 0 0 1 0 2 1 0 0 1 0
4 1 0 2 1 0 0 0 1 0 1 0 2 1 0 0
4 1 0 2 1 0 0 0 1 0 1 0 1 0 1 0
8 1 0 1 0 5 4 1 0 1 0 1 0 0 0 0
8 1 0 1 0 5 3 1 0 1 0 0 1 0 0 0
8 1 0 1 0 4 3 1 0 1 0 0 0 1 0 0
7 1 0 1 0 4 3 1 0 1 0 0 0 0 1 0
8 1 0 1 0 5 2 1 0 0 2 1 0 0 0 0
8 1 0 1 0 5 2 1 0 0 1 0 1 0 0 0
8 1 0 1 0 4 2 1 0 0 1 0 0 1 0 0
7 1 0 1 0 4 2 1 0 0 1 0 0 0 1 0
8 1 0 1 0 3 2 1 0 0 0 2 1 0 0 0
8 1 0 1 0 3 2 1 0 0 0 1 0 1 0 0
7 1 0 1 0 3 2 1 0 0 0 1 0 0 1 0
6 1 0 1 0 3 2 1 0 0 0 0 2 1 0 0
6 1 0 1 0 3 2 1 0 0 0 0 1 0 1 0
8 1 0 1 0 5 1 0 3 1 0 1 0 0 0 0
8 1 0 1 0 5 1 0 2 1 0 0 1 0 0 0
8 1 0 1 0 4 1 0 2 1 0 0 0 1 0 0
7 1 0 1 0 4 1 0 2 1 0 0 0 0 1 0
8 1 0 1 0 5 1 0 1 0 2 1 0 0 0 0
8 1 0 1 0 5 1 0 1 0 1 0 1 0 0 0
8 1 0 1 0 4 1 0 1 0 1 0 0 1 0 0
7 1 0 1 0 4 1 0 1 0 1 0 0 0 1 0
8 1 0 1 0 3 1 0 1 0 0 2 1 0 0 0
8 1 0 1 0 3 1 0 1 0 0 1 0 1 0 0
7 1 0 1 0 3 1 0 1 0 0 1 0 0 1 0
6 1 0 1 0 3 1 0 1 0 0 0 2 1 0 0
6 1 0 1 0 3 1 0 1 0 0 0 1 0 1 0
8 1 0 1 0 2 1 0 0 3 2 1 0 0 0 0
8 1 0 1 0 2 1 0 0 3 1 0 1 0 0 0
8 1 0 1 0 2 1 0 0 2 1 0 0 1 0 0
7 1 0 1 0 2 1 0 0 2 1 0 0 0 1 0
8 1 0 1 0 2 1 0 0 1 0 2 1 0 0 0
8 1 0 1 0 2 1 0 0 1 0 1 0 1 0 0
7 1 0 1 0 2 1 0 0 1 0 1 0 0 1 0
6 1 0 1 0 2 1 0 0 1 0 0 2 1 0 0
6 1 0 1 0 2 1 0 0 1 0 0 1 0 1 0
5 1 0 1 0 2 1 0 0 0 3 1 0 1 0 0
5 1 0 1 0 2 1 0 0 0 2 1 0 0 1 0
5 1 0 1 0 2 1 0 0 0 1 0 2 1 0 0
5 1 0 1 0 2 1 0 0 0 1 0 1 0 1 0
8 1 0 1 0 1 0 4 3 1 0 1 0 0 0 0
8 1 0 1 0 1 0 4 2 1 0 0 1 0 0 0
8 1 0 1 0 1 0 3 2 1 0 0 0 1 0 0
7 1 0 1 0 1 0 3 2 1 0 0 0 0 1 0
8 1 0 1 0 1 0 4 1 0 2 1 0 0 0 0
8 1 0 1 0 1 0 4 1 0 1 0 1 0 0 0
8 1 0 1 0 1 0 3 1 0 1 0 0 1 0 0
7 1 0 1 0 1 0 3 1 0 1 0 0 0 1 0
8 1 0 1 0 1 0 2 1 0 0 2 1 0 0 0
8 1 0 1 0 1 0 2 1 0 0 1 0 1 0 0
7 1 0 1 0 1 0 2 1 0 0 1 0 0 1 0
6 1 0 1 0 1 0 2 1 0 0 0 2 1 0 0
6 1 0 1 0 1 0 2 1 0 0 0 1 0 1 0
8 1 0 1 0 1 0 1 0 3 2 1 0 0 0 0
8 1 0 1 0 1 0 1 0 3 1 0 1 0 0 0
8 1 0 1 0 1 0 1 0 2 1 0 0 1 0 0
7 1 0 1 0 1 0 1 0 2 1 0 0 0 1 0
8 1 0 1 0 1 0 1 0 1 0 2 1 0 0 0
8 1 0 1 0 1 0 1 0 1 0 1 0 1 0 0
7 1 0 1 0 1 0 1 0 1 0 1 0 0 1 0
6 1 0 1 0 1 0 1 0 1 0 0 2 1 0 0
6 1 0 1 0 1 0 1 0 1 0 0 1 0 1 0
5 1 0 1 0 1 0 1 0 0 3 1 0 1 0 0
5 1 0 1 0 1 0 1 0 0 2 1 0 0 1 0
5 1 0 1 0 1 0 1 0 0 1 0 2 1 0 0
5 1 0 1 0 1 0 1 0 0 1 0 1 0 1 0
4 1 0 1 0 1 0 0 4 1 0 1 0 1 0 0
4 1 0 1 0 1 0 0 3 1 0 1 0 0 1 0
4 1 0 1 0 1 0 0 2 1 0 0 2 1 0 0
4 1 0 1 0 1 0 0 2 1 0 0 1 0 1 0
4 1 0 1 0 1 0 0 1 0 3 1 0 1 0 0
4 1 0 1 0 1 0 0 1 0 2 1 0 0 1 0
4 1 0 1 0 1 0 0 1 0 1 0 2 1 0 0
4 1 0 1 0 1 0 0 1 0 1 0 1 0 1 0
3 1 0 1 0 0 3 1 0 1 0 0 2 1 0 0
3 1 0 1 0 0 3 1 0 1 0 0 1 0 1 0
3 1 0 1 0 0 2 1 0 0 2 1 0 0 1 0
3 1 0 1 0 0 2 1 0 0 1 0 2 1 0 0
3 1 0 1 0 0 2 1 0 0 1 0 1 0 1 0
3 1 0 1 0 0 1 0 3 1 0 1 0 0 1 0
3 1 0 1 0 0 1 0 2 1 0 0 2 1 0 0
3 1 0 1 0 0 1 0 2 1 0 0 1 0 1 0
3 1 0 1 0 0 1 0 1 0 2 1 0 0 1 0
3 1 0 1 0 0 1 0 1 0 1 0 2 1 0 0
3 1 0 1 0 0 1 0 1 0 1 0 1 0 1 0
2 1 0 0 2 1 0 0 2 1 0 0 2 1 0 0
2 1 0 0 2 1 0 0 2 1 0 0 1 0 1 0
2 1 0 0 2 1 0 0 1 0 2 1 0 0 1 0
2 1 0 0 2 1 0 0 1 0 1 0 1 0 1 0
2 1 0 0 1 0 2 1 0 0 1 0 1 0 1 0
2 1 0 0 1 0 1 0 2 1 0 0 1 0 1 0
2 1 0 0 1 0 1 0 1 0 1 0 1 0 1 0
1 0 1 0 1 0 1 0 1 0 1 0 1 0 1 0
